id,группа,дата покупки,кол-во покупки,сумма покупки,
5117684
5117692
5117759
5103304
5128442
5104328
5125034
5127550
5123567
5125174
5121892
5127055
5119755
5125752
5127451
5117973
5100144
5125182
5119219
5125380
5125240
5128079
5119201
5120266
5126685
5111455
5123641
5123716
5106810
5104666
5103759
5102876
5101951
5100912
5105895
5118997
5119565
5111570
5124292
5124201
5122130
5123575
5127485
5129044
5129051
5127733
5127568
5127956
5128947
5128855
