id,группа,дата покупки,кол-во покупки,сумма покупки,
5122676
5117759
5127592
5126438
5125703
5115050
5120282
5127865
5127618
5127550
5125620
5125760
5125430
5127410
5123567
5124300
5127055
5102298
5125810
5127063
5101266
5117684
5103700
5117973
5127329
5127378
5127832
5127402
5127162
5122098
5123179
5131297
5127436
5124516
5127857
5125638
5122411
5127147
5127956
5126420
5121132
5128020
5124003
5122890
5125836
5115373
5122445
5127600
5122940
5124144
5116165
5122163
5128061
5123153
5127485
5122965
5128277
5101092
5124326
5128756
5123088
5118690
5125182
5127527
5123161
5125869
5110671
5122957
5108329
5119185
5124532
5127766
5123021
5126701
5126685
5121983
5118872
5117585
5118609
5122007
5127451
5127444
5128285
5118740
5118898
5115126
5111190
5124508
5124755
5118930
5127253
5125158
5128202
5124730
5125752
5100771
5119854
5125059
5127659
5128269
5118781
5127501
5121603
5128525
5121470
5121892
5103148
5128251
5125174
5131313
5104666
5119219
5127964
5105762
5125380
5103296
5122734
5120522
5110374
5127915
5102652
5110713
5106349
5125166
5118112
5100722
5117692
5101308
5108865
5123435
5122809
5131271
5100151
5125018
5127287
5127568
5104922
5103304
5110838
5116892
5111414
5100912
5126560
5111273
5128178
5127733
5125224
5128368
5120613
5124268
5122080
5124649
5109129
5128293
5124896
5128186
5128509
5125240
5123443
5124979
5114897
5123641
5131453
5122437
5119201
5108006
5124128
5103692
5120266
5128079
5119508
5124482
5113998
5122627
5116173
5113543
5131214
5127469
5117601
5118419
5120811
5128236
5126487
5124573
5101639
5106331
5108873
5108162
5105929
5125315
5119565
5106273
5126339
5114087
5128392
5123716
5104799
5127576
5111299
5123302
5126768
5105218
5104567
5105903
5116736
5120795
5110879
5122668
5100144
5119466
5101159
5128244
5520044
5118849
5119748
5122569
5127428
5127584
5127535
5101019
5125257
5100474
5127493
5117536
5101381
5128467
5125604
5123997
5109731
5120514
5100946
5110598
5115456
5108147
5111570
5101431
5121322
5111455
5125034
5103577
5106653
5124946
5122288
5110788
5124581
5101118
5123799
5107701
5111406
5119755
5110184
5119144
5107842
5126081
5111695
5127006
5123575
5124615
5128327
5124342
5101167
5128616
5125612
5101233
5127311
5126099
5124714
5124938
5105770
5121843
5119987
5115860
5128228
5125679
5125778
5124524
5128434
5114152
5110705
5101258
5110820
5120837
5103569
5127626
5121439
5121736
5110754
5124722
5124995
5108733
5115654
5125349
5106869
5124805
5120225
5122338
5104765
5104328
5118708
5124672
5112628
5102207
5124201
5113063
5111398
5100243
5126180
5109889
5122510
5120977
5122924
5124284
5121264
5114657
5113345
5105895
5115027
5106968
5123336
5125539
5119391
5103643
5111133
5122064
5106885
5124862
5101209
5127279
5125067
5103494
5108725
5128137
5118039
5119375
5116967
5121223
5110051
5122320
5122395
5118732
5126222
5125943
5125190
5111489
5126354
5118146
5121868
5102132
5125208
5117742
5109319
5101704
5118724
5125794
5125000
5106810
5127089
5121207
5109723
5104781
5105150
5107479
5126024
5110721
5124557
5101571
5126230
5123724
5127642
5105317
5126347
5122056
5119003
5127188
5110556
5100565
5124763
5128426
5109848
5118948
5120894
5127543
5122304
5127170
5125646
5124417
5124474
5105705
5125398
5105531
5124466
5126065
5125422
5125950
5105887
5126495
5126362
5110945
5112503
5124060
5125968
5106604
5126214
5104153
5122361
5123963
5118542
5108105
5128491
5128517
5127139
5121363
5123351
5122593
5104948
5121728
5127022
5111984
5120779
5121504
5118955
5111117
5112487
5125927
5124219
5126776
5119995
5120423
5124185
5108428
5102157
5110424
5123609
5122221
5123658
5108501
5119227
5123096
5122825
5101506
5125364
5122692
5100953
5106679
5120688
5118435
5123971
5124409
5122130
5123559
5128640
5120662
5101480
5115555
5124227
5123369
5109384
5117957
5122635
5120233
5124102
5114236
5118054
5100821
5128335
5118120
5116785
5125232
5114483
5107958
5121181
5117577
5123930
5119383
5115118
5117833
5116371
5117940
5125570
5120720
5126479
5103429
5126818
5109897
5121777
5122460
5124490
5125414
5110887
5104930
5126271
5115738
5122155
5123039
5109418
5126123
5119425
5125109
5106109
5106422
5117270
5112966
5127816
5108899
5115589
5115472
5113014
5111463
5116033
5128632
5119615
5122643
5128350
5125893
5125919
5100193
5111364
5106299
5125216
5123211
5117346
5107495
5131339
5125976
5125075
5123757
5103387
5119706
5118617
5123419
5118773
5128210
5103593
5102876
5120951
5127246
5125273
5102439
5123344
5123112
5112586
5122536
5115761
5125463
5118096
5112651
5119235
5107321
5112719
5126164
5112545
5128376
5118450
5125026
5119417
5123468
5120381
5118021
5121835
5122262
5128665
5118799
5118963
5127980
5128475
5107503
5119086
5109137
5110531
5115274
5115779
5101191
5126040
5109608
5115605
5117494
5117437
5117361
5117890
5114384
5117486
5123518
5115100
5117866
5117023
5116918
5112206
5106745
5119714
5113386
5114939
5114285
5117569
5112693
5108188
5117049
5116082
5109012
5108022
5112768
5131354
5118658
5100961
5108121
5123278
5122502
5122601
5110523
5120704
5114079
5125042
5116942
5115225
5125729
5118625
5104773
5113485
5114350
5101951
5122072
5112933
5118633
5112677
5122114
5128566
5127121
5126107
5114889
5127972
5102645
5127352
5109004
5125141
5125745
5121074
5128582
5124458
5128590
5102363
5119151
5125596
5112917
5116793
5100482
5125372
5119839
5128095
5124243
5115597
5105754
5131438
5122239
5124789
5119177
5123666
5127360
5104427
5127709
5102330
5117999
5118674
5110929
5128608
5112529
5114228
5100995
5117734
5122478
5122494
5112404
5113303
5114327
5122726
5125406
5117007
5119862
5114566
5123229
5102678
5112925
5116934
5114160
5108048
5117288
5114319
5126305
5121801
5109673
5119904
5123815
5116512
5131412
5114491
5113071
5113121
5125448
5120183
5120068
5128343
5128657
5118229
5127212
5112941
5112107
5120829
5125356
5102884
5116488
5119672
5123286
5115282
5119300
5115167
5109624
5112115
5126263
5128194
5109525
5117502
5115993
5118245
5121306
5122841
5118047
5231030
5115092
5123260
5118906
5128483
5127477
5123104
5108519
5123393
5122528
5103114
5104732
5125323
5127907
5106828
5127048
5123823
5125588
5128111
5108907
5117627
5119763
5118310
5122577
5110408
5116181
5113428
5105572
5118393
5123542
5125281
5105267
5112701
5118476
5128053
5112271
5102827
5111604
5116553
5117932
5122122
5115480
5119318
5111968
5119243
5117460
5118716
5123872
5116637
5112560
5122817
5131099
5109160
5110226
5109632
5112743
5121587
5100383
5125828
5118765
5119821
5112834
5115548
5123328
5118989
5120993
5104823
5124425
5111224
5128574
5120407
5119623
5125992
5104955
5121314
5114335
5114988
5118260
5111059
5127204
5122486
5118237
5109517
5101670
5124920
5110176
5123237
5118815
5122379
5114582
5112727
5104971
5119599
5107693
5112826
5128459
5109558
5125331
5110762
5118567
5113956
5115910
5108287
5118187
5102256
5107883
5123245
5119979
5106257
5119953
5126511
5118328
5106430
5127014
5125877
5123187
5119441
5101407
5126727
5116777
5107859
5109061
5119367
5110564
5127030
5128384
5128129
5113188
5107800
5105978
5110770
5111216
5100839
5115068
5102637
5111893
5115985
5101027
5125901
5113097
5115365
5111208
5114020
5124086
5101563
5109871
5105382
5520028
5117981
5131396
5114178
5125562
5107420
5100813
5115506
5115704
5125935
5126289
5104807
5111638
5119458
5118591
5111992
5109863
5119581
5106158
5110085
5118179
5103809
5104211
5131057
5114731
5116629
5117619
5101795
5121819
5107743
5106406
5128442
5116298
5120084
5117445
5117650
5115936
5103254
5125265
5102603
5124888
5125737
5115837
5107131
5121215
5112396
5100409
5125083
5118138
5115134
5108279
5115696
5115076
5109756
5117304
5116470
5105846
5105192
5111935
5115787
5123146
5128673
5123476
5119078
5123831
5100169
5116983
5115449
5120761
5125711
5120910
5116306
5116363
5124912
5112081
5113287
5107156
5104161
5108642
5127931
5111307
5121413
5115563
5111836
5104245
5116975
5125661
5101811
5109335
5123450
5111448
5111257
5109996
5121694
5113725
5119805
5115381
5121090
5122619
5118088
5115258
5127717
5113683
5126453
5111356
5116314
5108402
5125455
5126651
5109749
5101225
5111331
5103676
5114640
5116926
5121330
5114509
5106125
5122015
5117668
5124870
5120589
5122650
5110580
5121280
5119607
5114913
5122932
5116751
5113618
5117130
5104476
5117239
5121405
5114830
5107784
5112867
5110192
5118195
5127949
5106778
5231055
5115712
5123138
5110309
5113527
5114046
5123955
5114632
5112636
5105390
5121082
5125471
5115811
5115977
5126834
5106240
5126321
5115571
5107727
5112669
5105259
5131131
5118385
5116009
5103726
5116454
5108667
5103106
5131479
5118526
5102710
5107651
5120043
5108915
5105143
5103098
5108626
5101183
5117080
5105697
5101399
5114780
5102926
5121561
5117841
5104377
5113469
5104385
5102421
5118880
5122791
5103056
5120647
5106992
5105648
5127113
5115324
5115886
5109020
5126941
5112735
5118369
5107453
5126586
5106760
5114798
5125521
5128418
5123880
5117312
5105788
5108253
5120886
5121967
5114624
5115894
5118641
5117817
5118757
5100110
5118559
5105564
5111885
5104518
5127725
5113642
5114848
5125653
5119664
5115332
5117916
5121496
5114558
5105580
5100748
5118666
5122999
5113709
5111802
5108675
5111000
5108774
5125497
5112909
5117296
5124052
5123294
5116041
5120308
5115688
5125117
5103239
5117510
5115498
5125687
5128541
5120738
5104849
5125695
5119730
5117098
5100581
5125885
5108345
5122973
5113444
5117262
5108857
5115928
5117122
5111422
5113022
5104237
5116140
5120969
5119433
5131172
5106208
5105069
5125489
5106729
5116660
5121876
5101829
5121686
5118211
5103957
5119060
5111240
5117247
5122247
5108030
5128731
5115464
5116405
5113329
5117379
5113006
5102058
5115753
5102470
5111596
5122908
5106562
5128723
5125984
5128046
5100284
5100318
5116272
5101589
5121272
5118005
5113964
5126933
5125554
5127782
5123740
5114681
5113501
5126008
5114905
5105176
5122718
5106190
5114855
5127840
5127873
5109988
5123948
5111711
5124680
5108055
5118997
5124698
5113261
5117908
5119896
5113048
5100680
5114434
5118377
5122031
5128012
5115431
5118062
5123005
5121421
5121900
5120340
5118583
5104252
5113105
5121041
5103999
5127303
5103163
5126719
5111620
5114749
5102488
5115621
5114392
5104831
5118922
5104278
5131370
5121231
5127774
5103767
5108220
5109079
5127923
5102959
5102090
5112842
5121710
5100557
5115803
5103759
5120902
5127220
5115407
5123120
5107313
5106018
5116330
5111679
5120563
5122551
5121025
5125513
5121249
5112008
5115035
5120548
5121579
5118914
5120241
5120845
5113782
5105614
5124029
5106596
5106737
5112263
5103585
5118153
5114608
5113568
5111661
5110804
5101597
5100235
5127634
5110739
5127790
5127881
5111265
5121140
5116561
5127105
5113402
5117163
5111869
5106802
5113741
5120852
5118518
5131073
5118294
5103510
5112685
5102991
5110937
5119409
5117700
5106323
5122353
5120944
5112982
5119813
5123898
5103619
5122585
5105820
5127667
5102561
5128681
5113089
5116017
5111026
5128160
5108683
5110325
5128947
5128939
5129267
5129374
5128988
5128921
5128970
5129192
5129275
5128830
5129283
5129085
5129309
5129093
5129416
5128699
5101910
5118070
5129028
5129010
5129432
5129002
5128848
5129200
5129325
5123708
5129143
5128871
5129127
5107685
5129317
5129101
5128806
5128863
5128996
5128822
5128889
5129069
5129176
5129424
5128954
5129457
5129523
5129168
5129465
5105994
5129150
5129184
5128301
5129051
5128715
5119359
5120001
5114863
5129119
5128772
5125802
5106547
5129036
5128913
5129333
5129499
5129481
5115514
5129440
5104419
5128897
5118823
5129408
5103486
5128855
5128814
5126602
5128962
5117551
5129044
5129507
5128624
5110333
5110259
5128103
5128558
5107735
5107305
5112461
5102371
5112990
5118534
5103361
5122833
5124797
5124045
5103775
5101340
5126461
5114210
5109053
5127238
5110150
5120126
5107362
5108238
5104393
5105911
5112479
5117429
5123674
5102017
5105713
5115647
5131115
5120464
5123682
5100300
5128764
5124292
5124706
5119961
5116025
5110655
5103916
5115290
5104682
5102215
5103247
5128533
5101621
5101902
5115829
5128038
5122429
5119540
5126206
5102850
5103718
5100615
5116132
5100656
5115795
5127824
5128004
5101548
5101712
5127808
5110341
5102751
5115001
5108261
5103833
5110382
5121058
5126990
5100672
5231097
5121157
5103403
5121009
5119532
5119797
5131230
5114517
5118401
5109798
5114301
5117809
5113758
