id,группа,дата покупки,кол-во покупки,сумма покупки,
5117809
5114301
5122676
5128947
5126438
5127592
5128699
5103643
5131230
5100961
5127808
5128004
5103833
5103403
5231097
5126990
5121058
5100672
5102017
5101910
5127378
5128038
5117759
5127600
5127923
5129507
5129416
5127287
5127915
5128970
5123211
5117692
5127147
5117684
5118534
5119961
5112479
5127733
5101266
5125620
5125760
5124003
5127485
5128558
5120282
5123179
5129127
5122098
5124144
5124516
5127667
5115050
5129283
5129168
5125513
5127766
5125059
5124532
5128962
5117585
5124326
5127857
5111190
5110671
5127618
5110333
5125703
5103700
5109053
5128913
5128756
5125430
5102215
5118179
5128285
5121132
5127568
5129465
5128814
5104393
5127402
5111455
5127865
5101621
5131297
5125257
5127634
5128939
5116165
5101571
5100144
5120126
5121215
5111414
5127410
5100151
5116561
5100565
5102371
5124730
5101548
5103304
5121306
5108261
5107362
5112115
5109129
5118997
5127725
5105911
5129374
5126487
5124268
5127550
5122411
5110739
5100235
5123567
5128459
5127055
5108865
5124797
5119854
5122692
5128426
5118039
5116967
5128137
5119375
5109798
5104237
5111489
5128467
5125810
5103148
5125224
5120613
5103593
5102561
5100615
5122437
5111133
5110374
5115407
5116736
5100300
5126685
5129044
5124300
5106968
5111299
5128525
5122965
5127436
5101092
5124649
5119508
5127576
5127063
5111273
5128020
5125836
5131313
5103106
5103486
5111570
5128988
