id,группа,дата покупки,кол-во покупки,сумма покупки,
5103304,test,2020-03-29,4331,9804.95
5103304,20200328,2020-03-29,4331,9804.95
5117692,20200328,2020-03-29,15489,9607.83
5117684,20200328,2020-03-29,13339,9601.41
5117759,nosale
5126438,nosale
5101266,20200328,2020-03-29,2522,9886.24
5120282
5127550,nosale
5123567,nosale
5131297,20200328,2020-03-29,719,9871.80
5127055,nosale
5125620
5103700,20200328,2020-03-29,1917,9882.52
5125760
5124300,20200328,2020-03-29,7477,9950.39
5119219,20200328,2020-03-29,7934,9981.83
5111455,nosale
5126685,20200328,2020-03-29,1093,10000.84
5100144,20200328,2020-03-29,1581,10019.43
5119201,20200328,2020-03-29,7798,9914.20
5124144,20200328,2020-03-29,7144,9895.15
5117973,nosale
5125240,sold,2020-03-29,13198,10155.61
5125380,nosale
5111299,nosale
5111273,20200328,2020-03-29,981,10049.07
5125224,20200328,2020-03-29,9498,9923.56
5129168,20200328,2020-03-29,9514,9972.57
5128525,nosale
5123716,nosale
5125174
5125836,20200328,2020-03-29,8914,9879.39
5128970
5127378
5124326
5108865,20200328,2020-03-29,6178,9827.96
5125059
5119854,20200328,2020-03-29,6100,10025.96
5127576
5120613,20200328,2020-03-29,7376,10033.57
5119508
5124649
5125257
5128020
5109129
